-1.116286006869539493e+00
-1.119883381524742871e+00
-1.123067794137230013e+00
-1.125865610687114327e+00
-1.128301479912059868e+00
-1.130398465481137649e+00
-1.132178164259413311e+00
-1.133660812458732181e+00
-1.134865381252564642e+00
-1.135809663238201761e+00
-1.136510350954431203e+00
-1.136983108506440576e+00
-1.137242637208855545e+00
-1.137302736032350658e+00
-1.137176357527020842e+00
-1.136875659796154014e+00
-1.136412055005905142e+00
-1.135796254838741026e+00
-1.135038313231176099e+00
-1.134147666677096655e+00
