-1.137285676597108885e+00
-1.137293567392843041e+00
-1.137299523869982565e+00
-1.137303558974654738e+00
-1.137305685571310399e+00
-1.137305916443237308e+00
-1.137304264293072631e+00
-1.137300741743306531e+00
-1.137295361336798205e+00
-1.137288135537261713e+00
-1.137279076729772243e+00
-1.137268197221267929e+00
-1.137255509241017037e+00
-1.137241024941129552e+00
-1.137224756397033021e+00
-1.137206715607944618e+00
-1.137186914497366086e+00
-1.137165364913542032e+00
-1.137142078629944209e+00
-1.137117067345731591e+00
