2.709960770867274604e+00
1.574821347983643705e-01
-6.018037107656861728e-01
-9.141497046270847804e-01
-1.055159794470624801e+00
-1.116286006869539493e+00
-1.136189454065922977e+00
-1.134147666677094435e+00
-1.120560281299987970e+00
-1.101150330232618657e+00
-1.079192944969074475e+00
-1.056740746305257161e+00
-1.035186266434254598e+00
-1.015468249288244529e+00
-9.981493534714096505e-01
-9.834727290331730654e-01
-9.714266884583401263e-01
-9.618169527925811702e-01
-9.543388539987271990e-01
-9.486411121761861853e-01
-9.443746811197418767e-01
-9.412240336932613527e-01
-9.389223859872746214e-01
-9.372549530096290216e-01
-9.360549199556058575e-01
-9.351960308474736028e-01
-9.345844159367683313e-01
-9.341510956709366820e-01
-9.338457507791557699e-01
-9.336318445584981252e-01
