5.999999999999999778e-01
6.105263157894736947e-01
6.210526315789473006e-01
6.315789473684210176e-01
6.421052631578947345e-01
6.526315789473684514e-01
6.631578947368420573e-01
6.736842105263157743e-01
6.842105263157894912e-01
6.947368421052632081e-01
7.052631578947368141e-01
7.157894736842105310e-01
7.263157894736842479e-01
7.368421052631579649e-01
7.473684210526315708e-01
7.578947368421052877e-01
7.684210526315790046e-01
7.789473684210526105e-01
7.894736842105263275e-01
8.000000000000000444e-01
