2.709960829640004842e+00
1.574821939073054455e-01
-6.018036492784103464e-01
-9.141496417481880243e-01
-1.055159723550146200e+00
-1.116285939647842174e+00
-1.136189384726578488e+00
-1.134147599050368438e+00
-1.120560211040352971e+00
-1.101150261934678909e+00
-1.079192874140326719e+00
-1.056740676718216365e+00
-1.035186203553948747e+00
-1.015468181751644661e+00
-9.981492890025422948e-01
-9.834726671767756168e-01
-9.714266280735885939e-01
-9.618168917547191832e-01
-9.543387985736209167e-01
-9.486410515245294883e-01
-9.443746220739016595e-01
-9.412239746915598282e-01
-9.389223257327256045e-01
-9.372548993236335946e-01
-9.360548632160397009e-01
-9.351959788689858666e-01
-9.345843594590559356e-01
-9.341510426806198808e-01
-9.338457005594895666e-01
-9.336317880863387320e-01
