2.255802287104519688e-01
2.157040599005984882e-01
2.083468690732698803e-01
2.020281047831631871e-01
1.962788182599108366e-01
1.908819223625174977e-01
1.857166477078986966e-01
1.807079375401059451e-01
1.758055416299534324e-01
1.709739758080514038e-01
1.661871665018487265e-01
1.614253632450809439e-01
1.566732483602754078e-01
1.519187226513961930e-01
1.471520940391333743e-01
1.423655172830854132e-01
1.375525960853100915e-01
1.327080935715022336e-01
1.278277170926622186e-01
1.229079552056340230e-01
1.179459520505338199e-01
1.129394090233984543e-01
1.078865066965873920e-01
1.027858419786270155e-01
9.763637689492582483e-02
9.243739633545189349e-02
8.718847279636945946e-02
8.188943663054845667e-02
7.654035067634712419e-02
7.114148839485945341e-02
6.569331483995471954e-02
6.019646993149088687e-02
5.465175361306853774e-02
4.906011256083381289e-02
4.342262817573147582e-02
3.774050564302711130e-02
3.201506388338845599e-02
2.624772625190344155e-02
2.044001186706539963e-02
1.459352747241721149e-02
8.709959750312468163e-03
2.791068020966513963e-03
-3.161322728729376585e-03
-9.145328532781826780e-03
-1.515901288836007943e-02
-2.120039298445383635e-02
-2.726744574303302526e-02
-3.335811369403121618e-02
-3.947031070140361031e-02
-4.560192755396610953e-02
-5.175083743168651385e-02
-5.791490125546414069e-02
-6.409197292613674768e-02
-7.027990445646922768e-02
-7.647655099817510238e-02
-8.267977576453081068e-02
-8.888745484787916040e-02
-9.509748193024916696e-02
-1.013077728844178765e-01
-1.075162702619994609e-01
-1.137209476645583972e-01
-1.199198139932925733e-01
-1.261109175724892117e-01
-1.322923501417658243e-01
-1.384622507119791512e-01
-1.446188092797051628e-01
-1.507602703952605483e-01
-1.568849365794213191e-01
-1.629911715842343178e-01
-1.690774034936372572e-01
-1.751421276599824661e-01
-1.811839094729822131e-01
-1.872013869580816947e-01
-1.931932732017551113e-01
-1.991583586017872665e-01
-2.050955129411389244e-01
-2.110036872845630906e-01
-2.168819156977280505e-01
-2.227293167891373216e-01
-2.285450950757042798e-01
-2.343285421733480589e-01
-2.400790378144640469e-01
-2.457960506945760237e-01
-2.514791391508672813e-01
-2.571279516756352912e-01
-2.627422272679927340e-01
-2.683217956273551419e-01
-2.738665771923954884e-01
-2.793765830292204155e-01
-2.848519145725076362e-01
-2.902927632232621402e-01
-2.956994098066794141e-01
-3.010722238933576933e-01
-3.064116629867804087e-01
-3.117182715795872028e-01
-3.169926800806926459e-01
-3.222356036147673852e-01
-3.274478406950103171e-01
-3.326302717694932243e-01
-3.377838576406688720e-01
-3.429096377569152976e-01
-3.480087283742372972e-01
-3.530823205855000424e-01
-3.581316782138000976e-01
-3.631581355658582977e-01
-3.681630950405976876e-01
-3.731480245874197466e-01
-3.781144550080909328e-01
-3.830639770956442147e-01
-3.879982386032837516e-01
-3.929189410359913426e-01
-3.978278362573753335e-01
-4.027267229043143826e-01
-4.076174426021170749e-01
-4.125018759733060092e-01
-4.173819384337068561e-01
-4.222595757703458963e-01
-4.271367594966988257e-01
-4.320154819821424019e-01
-4.368977513540043267e-01
-4.417855861724254707e-01
-4.466810098803070672e-01
-4.515860450329317044e-01
-4.565027073143927971e-01
-4.614329993507224614e-01
-4.663789043325569650e-01
-4.713423794632707886e-01
-4.763253492517235954e-01
-4.813296986720390080e-01
-4.863572662161133597e-01
-4.914098368678007644e-01
-4.964891350308401896e-01
-5.015968174455498474e-01
-5.067344661320222210e-01
-5.119035813999538442e-01
-5.171055749672749391e-01
-5.223417632313253067e-01
-5.276133607374551282e-01
-5.329214738904610726e-01
-5.382670949543202354e-01
-5.436510963850469391e-01
-5.490742255403608940e-01
-5.545370998080099145e-01
-5.600402021922605833e-01
-5.655838773951188392e-01
-5.711683284254167603e-01
-5.767936137650024886e-01
-5.824596451169972156e-01
-5.881661857564807194e-01
-5.939128494991370300e-01
-5.996991002983939056e-01
-6.055242524765411805e-01
-6.113874715902503088e-01
-6.172877759259663977e-01
-6.232240386158307555e-01
-6.291949903602235272e-01
-6.351992227387057710e-01
-6.412351920871771638e-01
-6.473012239154416481e-01
-6.533955178361618987e-01
-6.595161529733191141e-01
-6.656610938159417401e-01
-6.718281964807703011e-01
-6.780152153459968467e-01
-6.842198100169170072e-01
-6.904395525835140823e-01
-6.966719351294552443e-01
-7.029143774517785381e-01
-7.091642349506457332e-01
-7.154188066488906816e-01
-7.216753433016922514e-01
-7.279310555575178032e-01
-7.341831221324808254e-01
-7.404286979614385089e-01
-7.466649222904636618e-01
-7.528889266768117317e-01
-7.590978428640436926e-01
-7.652888105017080500e-01
-7.714589846807473617e-01
-7.776055432577128057e-01
-7.837256939428893787e-01
-7.898166811294580203e-01
-7.958757924430452935e-01
-8.019003649931373268e-01
-8.078877913100980246e-01
-8.138355249537261304e-01
-8.197410857814840801e-01
-8.256020648666424488e-01
-8.314161290587068764e-01
-8.371810251804663316e-01
-8.428945838579866567e-01
-8.485547229817707038e-01
-8.541594507991422391e-01
-8.597068686396849291e-01
-8.651951732772149573e-01
-8.706226589333158072e-01
-8.759877189287827992e-01
-8.812888469905246769e-01
-8.865246382224324373e-01
-8.916937897495624821e-01
-8.967951010456900462e-01
-9.018274739549512198e-01
-9.067899124188429916e-01
-9.116815219204231768e-01
-9.165015086579942905e-01
-9.212491784608924927e-01
-9.259239354602317729e-01
-9.305252805275654460e-01
-9.350528094944516866e-01
-9.395062111659663318e-01
-9.438852651412648065e-01
-9.481898394544290287e-01
-9.524198880489881391e-01
-9.565754480996174758e-01
-9.606566371945879368e-01
-9.646636503925019035e-01
-9.685967571667758458e-01
-9.724562982512974241e-01
-9.762426824005965287e-01
-9.799563830779305373e-01
-9.835979350846637548e-01
-9.871679311442387306e-01
-9.906670184538897139e-01
-9.940958952169611784e-01
-9.974553071683651684e-01
-1.000746044105379484e+00
-1.003968936435650328e+00
-1.007124851753927963e+00
-1.010214691458656056e+00
-1.013239387419009763e+00
-1.016199898702421001e+00
-1.019097208371960050e+00
-1.021932320362328950e+00
-1.024706256442581509e+00
-1.027420053273104372e+00
-1.030074759563726516e+00
-1.032671433339116707e+00
-1.035211139316928541e+00
-1.037694946403361129e+00
-1.040123925310160846e+00
-1.042499146296385293e+00
-1.044821677037637286e+00
-1.047092580624778169e+00
-1.049312913693477345e+00
-1.051483724685264409e+00
-1.053606052240124047e+00
-1.055680923720078379e+00
-1.057709353862661406e+00
-1.059692343562628425e+00
-1.061630878779712184e+00
-1.063525929569709927e+00
-1.065378449235708125e+00
-1.067189373595819557e+00
-1.068959620363445051e+00
-1.070690088635685822e+00
-1.072381658485236366e+00
-1.074035190650758365e+00
-1.075651526320498208e+00
-1.077231487003739385e+00
-1.078775874484499520e+00
-1.080285470851816143e+00
-1.081761038600845826e+00
-1.083203320798992397e+00
-1.084613041311256909e+00
-1.085990905079090352e+00
-1.087337598447089659e+00
-1.088653789532016303e+00
-1.089940128628727800e+00
-1.091197248647807649e+00
-1.092425765579851937e+00
-1.093626278981612021e+00
-1.094799372479427158e+00
-1.095945614285615433e+00
-1.097065557723769125e+00
-1.098159741759139774e+00
-1.099228691530625746e+00
-1.100272918881096906e+00
-1.101292922883148728e+00
-1.102289190357575333e+00
-1.103262196382197802e+00
-1.104212404788907698e+00
-1.105140268647098356e+00
-1.106046230731880797e+00
-1.106930723975756869e+00
-1.107794171902637403e+00
-1.108636989043335408e+00
-1.109459581331881051e+00
-1.110262346482197016e+00
-1.111045674344878886e+00
-1.111809947243960428e+00
-1.112555540293745260e+00
-1.113282821695896097e+00
-1.113992153017128395e+00
-1.114683889447944054e+00
-1.115358380042944297e+00
-1.116015967943371434e+00
-1.116656990582555631e+00
-1.117281779875048953e+00
-1.117890662390233825e+00
-1.118483959511257231e+00
-1.119061987580156625e+00
-1.119625058030043974e+00
-1.120173477505249870e+00
-1.120707547970299034e+00
-1.121227566808589593e+00
-1.121733826911641474e+00
-1.122226616759729456e+00
-1.122706220494733120e+00
-1.123172917985963304e+00
-1.123626984889699809e+00
-1.124068692703165340e+00
-1.124498308813589809e+00
-1.124916096542979194e+00
-1.125322315189194899e+00
-1.125717220063849666e+00
-1.126101062527551600e+00
-1.126474090022921981e+00
-1.126836546105814740e+00
-1.127188670475104182e+00
-1.127530699001373815e+00
-1.127862863754799605e+00
-1.128185393032493211e+00
-1.128498511385517933e+00
-1.128802439645787636e+00
-1.129097394952993438e+00
-1.129383590781711133e+00
-1.129661236968794613e+00
-1.129930539741136553e+00
-1.130191701743879173e+00
-1.130444922069108626e+00
-1.130690396285084720e+00
-1.130928316466006667e+00
-1.131158871222331941e+00
-1.131382245731644032e+00
-1.131598621770054436e+00
-1.131808177744121346e+00
-1.132011088723253511e+00
-1.132207526472576831e+00
-1.132397659486229058e+00
-1.132581653021041301e+00
-1.132759669130569025e+00
-1.132931866699453893e+00
-1.133098401478053852e+00
-1.133259426117315449e+00
-1.133415090203863773e+00
-1.133565540295264240e+00
-1.133710919955424057e+00
-1.133851369790121577e+00
-1.133987027482615151e+00
-1.134118027829328579e+00
-1.134244502775565211e+00
-1.134366581451274891e+00
-1.134484390206802029e+00
-1.134598052648648991e+00
-1.134707689675217512e+00
-1.134813419512522348e+00
-1.134915357749865628e+00
-1.135013617375483230e+00
-1.135108308812127653e+00
-1.135199539952605807e+00
-1.135287416195263965e+00
-1.135372040479408540e+00
-1.135453513320674901e+00
-1.135531932846316705e+00
-1.135607394830456807e+00
-1.135679992729247134e+00
-1.135749817715978383e+00
-1.135816958716116210e+00
-1.135881502442263713e+00
-1.135943533429049968e+00
-1.136003134067952391e+00
-1.136060384642026078e+00
-1.136115363360557851e+00
-1.136168146393633949e+00
-1.136218807906608674e+00
-1.136267420094477565e+00
-1.136314053216149755e+00
-1.136358775628606654e+00
-1.136401653820938051e+00
-1.136442752448261873e+00
-1.136482134365502272e+00
-1.136519860661026060e+00
-1.136555990690133910e+00
-1.136590582108383929e+00
-1.136623690904748019e+00
-1.136655371434592388e+00
-1.136685676452459326e+00
-1.136714657144658247e+00
-1.136742363161644453e+00
-1.136768842650178524e+00
-1.136794142285249443e+00
-1.136818307301769693e+00
-1.136841381526012107e+00
-1.136863407406789150e+00
-1.136884426046360197e+00
-1.136904477231069022e+00
-1.136923599461678203e+00
-1.136941829983418639e+00
-1.136959204815729096e+00
-1.136975758781679335e+00
-1.136991525537068837e+00
-1.137006537599196232e+00
-1.137020826375292559e+00
-1.137034422190604355e+00
-1.137047354316123027e+00
-1.137059650995952964e+00
-1.137071339474320375e+00
-1.137082446022199766e+00
-1.137092995963568054e+00
-1.137103013701272980e+00
-1.137112522742510290e+00
-1.137121545723913218e+00
-1.137130104436235856e+00
-1.137138219848642162e+00
-1.137145912132585757e+00
-1.137153200685278032e+00
-1.137160104152750373e+00
-1.137166640452495603e+00
-1.137172826795701752e+00
-1.137178679709052620e+00
-1.137184215056124659e+00
-1.137189448058349983e+00
-1.137194393315561713e+00
-1.137199064826118988e+00
-1.137203476006605651e+00
-1.137207639711103502e+00
-1.137211568250053872e+00
-1.137215273408680893e+00
-1.137218766465009523e+00
-1.137222058207462805e+00
-1.137225158952026138e+00
-1.137228078559019862e+00
-1.137230826449443732e+00
-1.137233411620908408e+00
-1.137235842663177898e+00
-1.137238127773285923e+00
-1.137240274770269455e+00
-1.137242291109492376e+00
-1.137244183896585437e+00
-1.137245959900995196e+00
-1.137247625569142162e+00
-1.137249187037214337e+00
-1.137250650143565078e+00
-1.137252020440764344e+00
-1.137253303207267363e+00
-1.137254503458732913e+00
-1.137255625958987215e+00
-1.137256675230640779e+00
-1.137257655565359737e+00
-1.137258571033806787e+00
-1.137259425495246834e+00
-1.137260222606836457e+00
-1.137260965832588511e+00
-1.137261658452030311e+00
-1.137262303568556732e+00
-1.137262904117488649e+00
-1.137263462873832953e+00
-1.137263982459765677e+00
-1.137264465351832454e+00
-1.137264913887880091e+00
-1.137265330273724562e+00
-1.137265716589557440e+00
-1.137266074796105197e+00
-1.137266406740540248e+00
-1.137266714162161962e+00
-1.137266998697834985e+00
-1.137267261887212388e+00
-1.137267505177737670e+00
-1.137267729929435367e+00
-1.137267937419492947e+00
-1.137268128846654403e+00
-1.137268305335406016e+00
-1.137268467939989369e+00
-1.137268617648231839e+00
-1.137268755385193231e+00
-1.137268882016652105e+00
-1.137268998352438221e+00
-1.137269105149587567e+00
-1.137269203115365945e+00
-1.137269292910133345e+00
-1.137269375150081085e+00
-1.137269450409820859e+00
-1.137269519224856307e+00
-1.137269582093920928e+00
-1.137269639481206518e+00
-1.137269691818458384e+00
-1.137269739506989286e+00
-1.137269782919559491e+00
-1.137269822402176889e+00
-1.137269858275784973e+00
-1.137269890837870001e+00
-1.137269920363975562e+00
-1.137269947109130985e+00
-1.137269971309201155e+00
-1.137269993182161931e+00
-1.137270012929298080e+00
-1.137270030736333704e+00
-1.137270046774496501e+00
-1.137270061201517635e+00
-1.137270074162576083e+00
-1.137270085791177276e+00
-1.137270096209985537e+00
