-1.137285609999999947e+00
-1.137293499999999957e+00
-1.137299449999999990e+00
-1.137303490000000084e+00
-1.137305620000000017e+00
-1.137305849999999952e+00
-1.137304199999999987e+00
-1.137300669999999903e+00
-1.137295289999999959e+00
-1.137288070000000095e+00
-1.137279010000000090e+00
-1.137268130000000044e+00
-1.137255439999999895e+00
-1.137240959999999967e+00
-1.137224690000000038e+00
-1.137206649999999986e+00
-1.137186849999999971e+00
-1.137165299999999934e+00
-1.137142010000000036e+00
-1.137116999999999933e+00
