7.299999999999999822e-01
7.310526315789473983e-01
7.321052631578947034e-01
7.331578947368421195e-01
7.342105263157894246e-01
7.352631578947368407e-01
7.363157894736841458e-01
7.373684210526315619e-01
7.384210526315789780e-01
7.394736842105262831e-01
7.405263157894736992e-01
7.415789473684210042e-01
7.426315789473684204e-01
7.436842105263158365e-01
7.447368421052631415e-01
7.457894736842105576e-01
7.468421052631578627e-01
7.478947368421052788e-01
7.489473684210525839e-01
7.500000000000000000e-01
