-1.116285939647842174e+00
-1.119883313922757084e+00
-1.123067726189299842e+00
-1.125865542428668320e+00
-1.128301411379618813e+00
-1.130398396712303910e+00
-1.132178095292859510e+00
-1.133660743334172771e+00
-1.134865312010722604e+00
-1.135809593920749760e+00
-1.136510281603942296e+00
-1.136983039166312270e+00
-1.137242567923226311e+00
-1.137302666846017329e+00
-1.137176288485331366e+00
-1.136875590944906866e+00
-1.136411986391226314e+00
-1.135796186506968564e+00
-1.135038245228733533e+00
-1.134147599050368438e+00
